
            8   8  8 8"""" 8     8""""8 8"""88 8""8""8 8""""          
            8   8  8 8     8     8    " 8    8 8  8  8 8              
            8e  8  8 8eeee 8e    8e     8    8 8e 8  8 8eeee          
            88  8  8 88    88    88     8    8 88 8  8 88             
            88  8  8 88    88    88   e 8    8 88 8  8 88             
            88ee8ee8 88eee 88eee 88eee8 8eeee8 88 8  8 88eee          
                                                                      
                              ""8"" 8"""88                            
                                8   8    8                            
                                8e  8    8                            
                                88  8    8                            
                                88  8    8                            
                                88  8eeee8                            
                                                                      
      8""""8 8""""8 8""8""8 8"""" 8   8  8 8"""88 8"""8  8     8""""8 
      8    " 8    8 8  8  8 8     8   8  8 8    8 8   8  8     8    8 
      8e     8eeee8 8e 8  8 8eeee 8e  8  8 8    8 8eee8e 8e    8e   8 
      88  ee 88   8 88 8  8 88    88  8  8 8    8 88   8 88    88   8 
      88   8 88   8 88 8  8 88    88  8  8 8    8 88   8 88    88   8 
      88eee8 88   8 88 8  8 88eee 88ee8ee8 8eeee8 88   8 88eee 88eee8 
                                                                      
